   1 it
   1 1
   1 2
   1 3
   1 4
   1 5
   1 6
   1 7
   1 8
   1 9
   1 10
   2 11
   2 12
   2 13
   2 14
   2 15
   2 16
   2 17
   2 18
   2 19
   2 20
   2 21
   2 22
   2 23
   2 24
   2 25
   2 26
   2 27
   2 28
   2 29
   2 30
   2 31
   2 32
   2 33
   2 34
   2 35
   2 36
   2 38
   3 39
   3 40
   3 42
   3 43
   4 45
   4 46
   4 48
   4 49
   4 51
   4 53
   4 55
   4 56
   4 58
   4 60
   4 63
   4 65
   4 67
   4 69
   4 72
   4 74
   4 77
   4 79
   4 82
   4 85
   4 88
   4 91
   4 94
   4 97
   4 101
   4 104
   4 108
   4 111
   4 115
   4 119
   4 123
   4 127
   4 132
   4 136
   4 141
   5 146
   6 151
   6 156
   6 161
   6 167
   6 173
   6 179
   6 185
   6 191
   6 198
   6 204
   6 212
   6 219
   6 226
   6 234
   6 242
   6 250
   6 259
   6 268
   6 277
   6 287
   6 296
   6 307
   6 317
   6 328
   6 339
   6 351
   6 363
   6 375
   6 388
   7 402
   8 415
   8 430
   9 444
   9 460
   9 475
   9 492
   9 509
   9 526
   9 544
   9 563
   9 582
  10 602
  10 623
  10 644
  10 666
  10 689
  11 713
  12 737
  12 762
  12 788
  12 815
  12 843
  12 872
  12 902
  13 933
  14 965
  12 998
  12 1032
  13 1068
  13 1104
  14 1142
  15 1181
  16 1222
  16 1264
  16 1307
  16 1352
  16 1398
  16 1446
  16 1496
  15 1547
  15 1600
  17 1655
  17 1712
  17 1770
  17 1831
  18 1894
  18 1959
  19 2026
  17 2095
  18 2167
  18 2241
  18 2318
  18 2397
  18 2480
  18 2565
  19 2652
  19 2743
  20 2837
  20 2935
  20 3035
  20 3139
  20 3247
  22 3358
  21 3473
  21 3592
  21 3715
  21 3843
  20 3974
  19 4110
  19 4251
  17 4397
  17 4548
  14 4703
  14 4865
  14 5031
  14 5204
  12 5382
  12 5566
  13 5757
  13 5954
  13 6159
  11 6370
  12 6588
  11 6814
  11 7047
  11 7289
  12 7538
  12 7797
  12 8064
  12 8340
  12 8626
  12 8921
  12 9227
  13 9543
  14 9870
  13 10208
  14 10558
  14 10920
  14 11294
  14 11681
  14 12082
  14 12495
  14 12924
  14 13366
  14 13824
  14 14298
  14 14788
  15 15295
  15 15819
  15 16361
  16 16922
  16 17501
  17 18101
  17 18721
  16 19363
  16 20026
  16 20712
  14 21422
  11 22156
  11 22915
   9 23700
   9 24513
   9 25352
  10 26221
   9 27120
   9 28049
  10 29010
  11 30004
  11 31032
  11 32095
  12 33195
  12 34332
  12 35509
  12 36725
  10 37984
  11 39285
  11 40631
  12 42024
  12 43463
  13 44953
  11 46493
   9 48086
   9 49734
   9 51438
   9 53200
   9 55023
  10 56908
  10 58858
  10 60875
  10 62961
  11 65118
  11 67349
  11 69657
  12 72044
  12 74512
  13 77065
  13 79706
  13 82437
  13 85262
  13 88183
  13 91204
  12 94329
  10 97562
  10 100904
  10 104362
  10 107938
  10 111636
  10 115461
  10 119417
  10 123509
  10 127741
  10 132118
  11 136645
  11 141327
  11 146169
  11 151177
  11 156357
  11 161715
  11 167256
  11 172987
  11 178914
  11 185044
  11 191384
  11 197942
